224.83   4.79  70.02  30.01   1.11  17.28  58.92
221.90   4.85  20.82  20.27  56.67 236.62 267.95
218.93   4.81  25.10   2.83  17.56  25.78  54.55
212.88   4.76  46.73   7.42  21.57  60.75
209.84   4.81  41.51  18.79 -10.00  10.27  25.89
206.88   4.74   8.65  22.69  34.83
203.84   4.86  29.30   6.37  21.69
200.86   4.86  20.36  -3.53   5.71  49.62
197.89   4.74  26.20   7.44
194.85   4.77  27.55   8.20
191.88   4.74   7.57   6.48
188.87   4.79   4.59   3.96
185.92   4.77  -0.48   1.62
182.88   4.79  -4.94   2.29
179.86   4.78  -7.39   2.18
176.87   4.81  -7.91   3.62
173.90   4.80  -6.76
170.89   4.74 -10.35   3.86
167.86   4.80 -12.54   0.51
164.90   4.82 -17.68  -2.12
161.89   4.76 -11.93 -22.16  -1.82
158.89   4.76  -6.57 -28.45 -30.31   2.09
155.88   4.77  -5.33 -29.08 -34.76   2.83
152.91   4.82   2.93 -32.09 -36.85  -6.88
149.91   4.85   1.66 -39.33 -37.96  -9.59
146.90   4.86 -41.67 -39.41 -11.31   0.53
143.87   4.81 -12.04 -49.96 -40.89  -7.50   0.44
140.93   4.87 -10.58 -75.89 -43.99 -15.89   0.44
137.93   4.89   0.99 -43.58 -48.88  -9.56
134.93   4.86  -8.96 -48.47   1.22
131.83   4.86 -46.52 -34.87 -12.91  -1.72
128.90   4.93  -0.74 -84.89 -57.34 -37.14 -12.42
125.90   4.90 -11.11 -97.18 -59.45 -49.54  -0.28
122.88   4.89 -90.05 -105.04 -64.28 -41.53  -7.16
119.93   4.94  -7.53 -50.26 -104.88 -68.47 -89.93
116.89   4.96   1.03  -8.41 -99.17 -69.42 -45.83
113.87   4.94   1.16 -72.42 -101.16 -48.49  -8.89
110.92   4.92  -5.97 -25.84 -101.45 -71.81 -47.78
107.83   4.95  -5.41 -33.04 -101.64 -66.10 -48.80
104.89   4.96   0.19 -56.25  -5.79
101.95   4.96  -2.79 -19.97 -108.59 -95.37 -64.57
 95.87   4.99  -9.57 -34.22 -97.54 -74.32   1.23
 92.95   5.00   0.46 -98.21 -78.93 -38.52 -11.81
 90.15   4.74 -21.99 -81.05 -46.77  -3.67
 86.95   5.01   3.72 -40.89 -81.40  -5.94
 83.86   5.04  -5.32 -44.01 -97.30 -80.45   5.55
 80.89   5.07 -65.05   0.53
 77.92   5.10  -9.29 -37.46 -107.83 -75.20   5.41
 74.87   5.09   1.91  90.99
 71.88   5.02  -0.45 -65.41 -80.12 -69.61   4.24
 68.87   5.10   2.56 -100.44 -68.78   6.61  89.15
 65.90   5.06   8.54 -73.41 -69.88   7.11
 62.89   5.15 -19.68   8.88
 59.85   5.09  14.14  15.50 -69.82   6.35
 56.88   5.08  24.10   6.06
 50.92   5.19  27.89 -61.25   4.74
 47.87   5.17   8.59  15.30
 44.88   5.11  59.96   3.74 -60.03 -29.24  23.72
 41.89   5.18 -58.38   3.85  11.72  26.21  27.05
 38.90   5.13  37.56  10.80 -50.35   2.54  25.04
 35.88   5.18 -43.15   2.46  13.37  34.95
 32.93   5.23  34.56 -44.96   7.55
 29.90   5.16  13.56   9.90   2.29
 26.93   5.17  13.85   1.61  18.00
 20.91   5.27 -29.99   0.51  12.24
 17.89   5.22  25.63 -13.59  13.57   0.68  22.47
 14.91   5.19  13.04  -0.63  69.53
 11.86   5.16  11.88   0.46
