218.93  -0.20  63.48   5.61  14.68  24.66  53.50
216.59  -0.13  59.04  10.28  25.82  28.46  47.79
212.89  -0.17  45.83  23.73   7.07  -7.66  65.87
209.90  -0.23  41.92   6.82 -10.54  20.76  58.87
206.90  -0.24 -31.76   7.51  42.26  23.78
203.89  -0.23  30.61   4.01   6.80  18.66
200.83  -0.16  27.93   5.75  16.48
194.85  -0.25  11.09   3.54
191.88  -0.19   8.84   3.64
188.82  -0.17   5.47   0.34
185.92  -0.25  -1.11   2.99
182.94  -0.25  -4.91   2.31
179.82  -0.22  -6.91   1.13
176.85  -0.18  -9.87   1.42
173.91  -0.22   1.00 -10.92
170.89  -0.19 -14.50  -1.24
168.02  -0.21 -19.59  -2.92 -13.74   3.76
164.88  -0.21  -3.32 -21.12
161.88  -0.11 -22.66 -13.89  -5.42   2.17
158.91  -0.18 -55.41 -21.54  -2.48   3.43
155.88  -0.17 -37.79 -25.56  -3.34 -14.58   3.69
155.94  -0.20 276.41 -26.02   2.00 -58.74  -5.64
152.89  -0.18  -6.22 -34.81 -29.71   2.98
149.87  -0.14 -13.22 -41.55 -33.94  -2.28
146.90  -0.16 -34.20 -35.43  -4.58
143.88  -0.18   0.31 -38.09 -78.25 -38.69 -10.73
140.92  -0.11 -74.58 -41.02  -7.26
137.89  -0.18  -1.24 -84.86 -43.50 -12.24
134.93  -0.15  -9.75 -53.06 -45.12  -0.82
132.14  -0.17  -1.28 -47.34 -48.23 -10.52
221.86  -0.13  64.06  37.00  12.68  14.84  52.80
128.90  -0.10  -8.23 -93.53 -49.88   0.57
125.82  -0.11   0.30 -91.03 -58.76 -40.98  -8.87
122.86  -0.12  -9.17 -96.62 -55.16 -38.23  -0.16
119.89  -0.10  -8.55 -97.29 -58.45 -46.57   0.52
116.93  -0.10  -7.43 -65.17 -97.15 -49.56   0.59
113.83  -0.05  -7.44 -67.60 -96.88 -47.51   0.18
111.22   0.00  -5.55 -70.40 -99.54 -90.48 -48.81
107.85  -0.05  -4.72 -79.04 -116.61 -50.79 -97.89
104.86  -0.06 -13.10 -98.20 -53.14  -2.29
101.86  -0.02  -1.23 -35.96 -97.66 -55.55 -15.85
 99.19  -0.04  -0.75 -16.09 -37.50 -97.10 -57.92
 95.85   0.03  -2.96 -41.61 -68.46 -110.26 -94.78
 92.92   0.06  -2.19 -44.67 -66.96 -96.01 -75.65
 89.95  -0.02   2.69  -8.26 -96.17 -73.97 -45.70
 86.82   0.06   4.09  -9.26 -96.98 -75.21 -45.69
 86.90   0.05 -14.61 -75.03 -76.43 -43.02   3.11
 83.87   0.08   6.80 -43.54 -92.69 -74.23  -4.49
 80.89   0.06   9.87  -0.31 -80.44 -69.37 -41.22
 77.87   0.06 -30.51 -73.85   2.90
 74.85   0.08  -8.93 -67.09 -78.16 -24.97   3.76
 71.88   0.07  -8.65 -102.98 -68.72   4.76
 68.87   0.07  -2.77 -66.51 -69.69   6.74
 45.11   0.10  57.28  22.26   4.70 -30.73 -53.64
 47.91   0.19  50.31  11.63 -57.59 -46.60 -27.04
 50.83   0.13  47.10  10.00 -80.54 -51.55 -23.51
 56.88   0.07  16.43 -61.55 -71.44 -23.20 -50.10
 59.85   0.16  -8.19 -64.05 -63.59   7.12  21.79
 62.91   0.09  11.93 -27.83 -67.45   7.56
 65.93   0.07   6.29 -49.21 -67.34   8.71
224.88  -0.20  60.59  37.06 -14.91  13.84  16.85
 41.94   0.16  36.78 -52.61 -21.95 -33.17   6.55
 38.91   0.20  38.75 -129.33 -103.72   6.79  27.35
 35.92   0.17  80.94  51.02 -31.72   5.98  25.59
 32.88   0.25 -34.20   8.77  35.81  72.04  89.59
 29.92   0.18   8.31 -32.17  36.38  69.37  90.95
 26.86   0.21  43.80 -31.60 -33.52   1.73  13.65
 23.88   0.26  97.11 -32.01   0.87  11.87  29.51
 20.88   0.16  19.17  11.33  80.99 116.98 100.81
  5.81   0.21   4.53  73.08  99.79 130.56 154.29
