218.83  14.85   6.53 133.11
215.80  14.85  11.12 117.71 154.32
212.85  14.85   5.29 124.80 144.75
203.91  14.76   5.55 111.67 151.48
200.92  14.79   1.47 138.81
197.81  14.79   4.47 141.64
194.86  14.82   1.83 143.07
188.86  14.78   0.47 141.74
185.92  14.73   0.04 129.79
182.83  14.80  -1.34 155.43
179.86  14.80  -0.93 140.27
176.87  14.85  -1.16 145.88
173.87  14.83  -2.66 119.71 152.30
170.91  14.82  -3.23 122.95 153.63
167.89  14.77  -4.37 145.25
164.87  14.84  -4.18 149.61
161.87  14.85  -4.92 132.75
158.93  14.80  -4.26 151.65
155.93  14.83  -3.54 131.39 169.02
152.91  14.79  -3.55 141.16
149.90  14.78  -3.00 126.38 159.38
146.93  14.86  -2.98 142.35
140.91  14.87  -3.46 141.25
137.87  14.83  -3.87 139.91
134.90  14.84  -4.21 143.82
131.94  14.85  -5.61 123.76 158.96
128.95  14.92 -18.46 -12.38  -0.59
125.93  14.94 -12.81 -22.55  -0.12
122.93  14.90 -12.25 -27.15   0.16
119.86  14.90   0.29 -10.64   8.22
116.89  14.93 -40.60  -7.13
114.59  15.07 -42.34  -7.19
110.94  14.89 -29.65  -6.89
107.88  14.93 -36.61  -6.94
104.95  14.94  -7.17 -23.39
102.25  15.18 -26.04  -5.97
 98.99  14.97 -29.95  -5.11
 95.93  15.06 -24.66  -3.61
 92.91  15.03 -23.77  -2.70
 89.88  15.05 -18.86  -1.58   4.72
 86.94  15.05 -11.54   1.65
 83.90  15.03  -1.18
 81.00  15.07  -1.06
 77.92  15.03 -11.54   0.97
 74.82  14.85 -48.25   0.59
 71.96  15.11   1.37   1.20
 68.94  15.12  25.15   2.76
 63.09  15.06  24.45   5.64
  8.91  15.29   0.91   2.27
 11.88  15.22   0.15   1.89
 14.67  15.20   0.37   5.48
 17.86  15.16   0.67   8.37
 20.62  15.11   0.66   5.74
 23.84  15.18   1.26  11.64
 26.98  15.19   1.05   7.43
 29.89  15.22   1.31  11.72
 32.88  15.20   1.21   9.04
 35.91  15.20  12.96   1.70
 38.90  15.14   8.44   1.96
 41.91  15.13  15.51   3.18
 44.36  14.98  10.73   2.59
 47.96  15.18  14.59   2.96
 50.92  15.17   8.96   2.49
