224.81  24.85  -3.73   4.83   7.03
221.87  24.86   8.96   2.14
218.79  24.86 -12.98   2.43
209.86  24.76  24.77   3.56
197.84  24.84   2.90   5.50
194.90  24.80   0.50   7.34
188.83  24.82 -13.05   2.60
186.19  24.61   3.69 -17.30  23.58
176.89  24.77  11.50  -2.18 106.47
173.92  24.78  -8.15  -3.01  11.07
170.90  24.77  -1.88  -4.89  10.83 105.88
167.89  24.79  -5.28  -4.34  10.03
164.91  24.86  -5.52  -2.70  10.91
161.93  24.75 -10.55  -4.93   3.43  10.81
158.92  24.76   7.65  -4.58
155.91  24.79 -13.79  -0.66
152.95  24.76  -1.61  -1.15 105.52
149.93  24.86  -3.96  -1.08
146.91  24.81  -1.76  -1.97
143.91  24.81  -0.51  -3.16
140.97  24.87 -11.68  -1.19
135.00  24.91 -15.11  -1.80
131.98  24.91  -4.07  -2.85
128.93  24.88 -17.67  -2.55
125.96  24.89  -6.34  -3.40
122.99  24.92 -21.04  -4.71
119.97  24.90  17.15  -5.75
117.01  24.96  11.02  -5.89
113.85  24.94  -5.49  -5.59
110.91  24.91 -23.89  -4.57
107.96  24.99 -11.51  -4.84
105.04  24.95 -15.07  -3.72
102.01  24.96 -37.64  -3.03
 98.93  24.97 -16.62 -40.10  -2.19
 56.93  25.13   3.95  -1.60
 47.94  25.17   2.52   2.32
 41.91  25.18   3.82  -0.38  89.04
 35.92  25.17   5.75  -0.14  88.52
 29.96  25.19   3.30  -0.71
 26.88  25.22   0.55 -14.27  15.29
 23.87  25.23  -1.24   1.29
 17.94  25.20   0.05   1.20
 14.85  25.18   0.66   1.05
 11.90  25.16   0.21   0.41
  8.90  25.23   0.00   0.63
  5.94  24.84   0.31  -1.05
