224.42  30.03 101.48  -7.94   4.76 101.48
221.82  29.80 101.88  21.15   3.45 100.92
219.09  29.64   3.62   3.41
216.30  29.47  16.29   3.57 101.62
212.87  29.75  -2.82   4.62 101.42
210.36  29.44   6.10  -5.50
206.86  29.82  -0.48   6.03
204.30  29.44   1.44   6.50
201.16  29.48  -8.75   5.68
197.99  29.67  -2.48   5.68 101.87
195.09  29.53  -1.64   5.87 102.17
191.96  29.68 -17.35   4.43
188.82  29.78   0.26   1.85
185.87  29.75  -1.22   1.48 103.39
182.82  29.81   0.82   0.93 101.92
170.89  29.81 -12.70  -4.16   6.59 101.63
167.95  29.78  10.58  -3.12 101.68
164.94  29.77 101.44  11.83  -2.71 100.82
161.93  29.82   9.08  -3.58 101.20
158.93  29.78  97.84  12.94  -1.97 101.59
155.91  29.84   6.64  -3.16 102.07
152.95  29.80 101.54  18.56  -1.64 101.55
149.96  29.89   0.44  -3.68 101.37
146.94  29.81 -11.94  -1.45 101.02
143.95  29.84  -1.37  -1.14 101.21
140.95  29.83   0.11  -0.66
128.96  29.84 -13.04  -0.74
125.96  29.85  -2.10
122.97  29.88  -6.14  -1.98
119.99  29.88 -19.14  -3.82
116.99  29.91  -7.77  -3.90
110.96  29.96  -6.98  -3.07
 62.98  30.09  20.60  -1.79 100.55
 41.96  30.48   9.60   0.65
 35.91  30.23   0.53   9.64
 33.01  30.20   7.79  -0.05
 29.95  30.15  10.41   1.63
 26.88  30.23   1.13 -13.04  17.60
 23.98  30.15  -0.43   7.55  98.65
 17.89  30.16   2.27  -2.75
