222.45  34.57   2.77   2.82
218.81  34.80  -3.59   3.18
215.89  34.81 -26.74   2.81
213.29  34.55  37.18   1.77
174.39  34.19  96.10   2.09
171.34  34.30  96.34   1.83
167.95  34.74  96.11   1.57
161.98  34.70  97.57  -0.48   2.20
159.08  34.64  -0.33  -1.08
155.91  34.83  -0.95   0.69
152.96  34.82  17.33  -0.92
150.13  34.56  -0.46 -25.45
146.98  34.85 -10.41   0.30
132.00  34.85 -13.99   2.58
129.01  34.85 -10.89   3.22
126.02  34.84  -8.60   2.68
123.02  34.90   2.17  -5.31
120.05  34.93  -7.77   1.48
120.05  34.93  -7.77   1.48
 74.97  35.07 106.13   0.35
 38.90  35.16   9.50   0.13
