221.80   9.80  15.24   0.43  16.10  55.86
221.80   9.80  15.24   0.43  16.10  55.86
215.91   9.78   1.09   7.59  23.19  41.46
209.91   9.81 -13.00   4.21  19.75  31.53
212.82   9.78 -10.54   8.07  27.74  45.86  62.05
206.84   9.82 -25.00   5.54  42.54  27.89
203.85   9.81  12.43  -0.05
200.90   9.80  -7.96   5.14  24.79  50.68
197.84   9.84  24.91   2.46
194.89   9.74  26.94   4.23
191.87   9.80   4.15   0.18
188.91   9.79 -15.14   2.39
185.92   9.77 -13.72   2.16
182.88   9.78  -5.57   5.47
179.88   9.79 -10.03   3.85
176.86   9.77  -7.82   5.11
173.89   9.81  -4.45 144.83
170.91   9.80  -6.04 138.27
167.90   9.76  -6.24 161.85 122.26
164.89   9.74 -18.86 -10.61   0.15
161.90   9.75 -20.77 -11.70   0.00
158.90   9.80 -10.92 -30.03   3.62   0.76
155.89   9.85 -10.59 -31.43  -2.89   1.11
152.91   9.87 -16.63 -35.79  -9.91   0.69
149.92   9.86 -10.65 -40.20 -34.51 -12.49   0.49
146.94   9.85 -43.62 -26.89 -11.37   0.91
143.86   9.81  -0.01 -96.75 -40.26 -40.87 -12.31
140.91   9.90 -13.61 -50.66 -35.45 -12.14  -0.19
137.90   9.89  -0.75 -86.53 -53.00 -20.40 -12.64
134.93   9.88  -0.38 -77.33 -56.22 -16.33 -11.91
131.89   9.83  -1.37 -55.24 -20.92 -13.15
128.90   9.83 -13.40 -61.44 -86.94 -21.08  -1.26
125.94   9.91  -9.92 -54.04  -0.27
122.88   9.92 -12.69 -59.49 -11.63  -0.85
119.85   9.85  -8.32 -50.98   0.58  16.35
116.94   9.89   9.65 -44.91  -5.91
114.19  10.00   2.11 -47.09  -7.89
110.92  10.00 -47.19  -7.14
108.05  10.11  -7.71 -71.21 -52.48 -41.34   1.11
101.88   9.90  -5.32 -42.70
104.93   9.96  -4.95 -43.35
 95.92   9.96 -37.45  -4.16
 98.93  10.02 -39.73  -3.69
 89.97   9.52 -44.94  -3.65
 92.93  10.01 -39.95  -2.58
 86.91  10.04 -69.16   6.03  -3.31
 83.90  10.09 -55.14  -1.60
 80.92  10.07 -50.82   0.27
 77.99  10.03 -52.52   1.67
 74.93  10.07 -56.49   0.84
 71.91  10.10   2.86 -39.36
 68.94  10.15   2.00 -69.37   3.05
 65.94  10.12   6.39
 62.89  10.09  27.78 -65.39   6.02
 59.94  10.14 -12.93   7.76
 56.88  10.10  14.33   5.17
 50.98  10.16  30.74 -52.44  15.58   4.58  45.41
 47.88  10.17  21.36 -60.34   3.77
 44.94  10.16  17.15   4.37
 41.96  10.17  22.24 -53.60   3.45
 39.31  10.36   3.42  16.77
 35.89  10.20  20.91 -57.17 -47.01 -35.18   2.36
 32.84  10.20  13.92   1.96  10.83
 29.94  10.19  11.92 -40.29   0.82  34.77
 26.95  10.20  15.01   2.02   7.91
 23.90  10.17  12.64   1.12  17.49
 20.92  10.23   5.99   1.78  16.18
 17.86  10.15  14.28   0.74   5.04
 14.90  10.21   8.15   1.10
 12.06   9.87  14.43   0.07
  8.87  10.17   5.69   1.07
