224.81  19.81 -10.02   2.64
218.81  19.80  54.23   0.91   4.73
206.80  19.81 -21.94   2.35
200.81  19.79  21.34   2.13
194.90  19.78 -11.87   5.05
191.87  19.76   1.06   5.49
188.88  19.75 -17.24   2.97
185.86  19.83  -3.80   3.67
182.89  19.77 -11.01   4.34
179.89  19.81 -10.16   2.42
176.88  19.77 -14.72  -2.48  11.19  26.95
173.90  19.80 -15.98  -3.06  11.63
170.89  19.82 -14.70  -3.75  10.02
167.89  19.79 -12.86  -4.39   8.76
164.89  19.86 -10.68  -5.56   7.70
161.92  19.78 -30.37  -1.83
158.91  19.84 -16.62  -0.50
155.90  19.83  -4.43   0.13
152.93  19.87  -3.00  -0.35
149.92  19.78  -1.37 -11.93
146.94  19.83  -1.48  -3.55
143.92  19.78  -3.79  -1.77
140.93  19.81  -1.91  -4.07
137.96  19.87  -4.83  -1.65
134.90  19.85  -5.96  -0.99
131.94  19.84 -10.20  -4.17
128.97  19.87 -12.62 -13.36  -1.23
125.97  19.87 -11.26  -2.01 -13.29
122.94  19.84   0.26  -8.12   6.19
119.97  19.94 -11.48  -5.13
116.88  19.90 -20.22  -6.24
110.95  19.97 -17.37  -5.58
104.91  19.95 -28.33  -5.46
101.92  19.99 -15.48  -4.83
 98.97  19.93 -21.80  -3.04
 92.99  19.99  18.54 -24.11  -3.13
  5.88  20.22   0.55   0.89
  8.91  20.20   0.60   0.16
 11.85  20.25   0.27   1.55
 14.86  20.14   0.47   1.85
 17.91  20.22  -0.40   1.69
 20.86  20.16   0.40   2.31
 23.85  20.24   0.26   4.38
 26.90  20.22   0.88   4.29
 32.92  20.15   7.85   1.19
 29.89  20.20   1.24   6.54
 35.85  20.21   6.63   1.01
 38.98  20.22   6.17   1.35  90.43 139.23
 41.92  20.17   5.85   1.50
 44.75  20.24   5.61   1.18
 47.96  20.15  16.93   2.38
 50.91  20.16  22.87   3.66
 56.91  20.15 -17.21   4.89
 62.93  20.10   7.72  -2.70   7.69
 68.97  20.11 -14.60  -0.14
 80.98  20.04  14.40  -1.97
